01111100
00101100
00110111
00111000
01010001
01100111
00000100
00010101
01010001
00001011
00001011
01011110
00001011
01110110
01101000
01000101
01111100
00000100
00011111
00001011
01111001
01010001
01110110
00110010
00111000
00010101
01110011
01110110
00100011
01011011
01000101
00000100
00001011
00101001
01111100
01000000
01111100
01111100
01100010
01100010
01010100
00011010
01011110
01000101
00101100
00101100
01010001
00101001
01011110
00001110
00100110
00000001
01001111
01001111
01110110
00100110
01111001
00000001
01000101
00101100
01100010
00011111
00101001
00101001
01111100
00100011
01010001
00011111
00001011
00011111
00011010
01011110
00111101
00101100
01000000
00110111
01010100
01011011
00111101
01110011
00110010
01000101
00000100
00111000
01010001
00000001
01011011
00111101
01100010
00110010
01010001
01010100
00000100
01011011
00110111
00110111
01000101
00110010
00111000
01010001
00110111
00110010
00000100
00000100
00001011
01100111
00110111
01011110
01001111
00000001
01101000
00010101
00011111
00100110
01000101
00011010
01001111
00101001
00110111
00110111
01001010
01000101
01001111
00111000
00110010
00011010
00011111
01011011
